334690
336204
332452
332576
332578
332926
333379
330744
331062
331171
331233
331288
331363
331381
331465
331632
331212
330261
330263
330499
330511
327665
323978
319983
45513862
794705
791987
1178108
1050017
45509293
45518296
795712
45518355
1056544
45510633
45510795
45515212
45515569
45515666
45515629
45518920
45514094
45514317
45512569
45512578
1050498
1177586
45510766
1065125
45510213
45511218
1052079
45509178
1038993
45510576
45513692
45510767
45511192
45511195
45515439
330758
1047358
45513648
332574
45511177
45515756
45513761
45513599
791404
795321
45515812
1055470
45513764
45515249
45514316
45513713
45518916
45510257
45513705
45515827
45509103
45513703
45513951
328602
328020
926021
310363
925988
328698
328029
311910
328611
328609
311514
328681
328608
312855
311511
1038688
326843
999177
326801
311541
311580
328035
328596
328594
328593
328597
328039
311513
328595
328067
328599
328598
328086
328092
328095
328100
328688
328025
328452
328501
323726
327368
1178684
328792
313045
308479
347431
327979
310277
327553
327552
327603
1037788
310270
310653
327375
312065
313018
327851
1038676
310964
328436
328439
1038780
1038781
308477
328063
128438
47048756
351020
311781
328236
128432
323829
327563
327632
311548
124497
327967
133023
328456
328457
46559458
327981
328453
327865
327373
985686
326230
118139
129473
327986
328793
328721
124135
133021
326520
327366
328454
323859
323821
1178988
328504
129605
328482
327438
45518390
45517868
794135
45518354
45517982
45518552
790175
1049801
331362
1039028
45518556
795266
793293
45516915
790890
794945
45517934
1039105
791375
795265
45517996
794536
455439
45518646
456659
790459
1018897
45516888
455323
45518649
45516908
1064964
45518527
45511257
45518507
45518168
1049943
1049181
1048462
45516621
45516735
1048531
45518069
45517979
45516154
45517015
45518526
1049992
45518457
45517766
45518272
45518368
1064908
45516055
45516843
45518267
45516058
45510803
45518315
45511259
45518024
45518658
45518183
45517016
1048969
1049798
45518068
45518449
45518483
45518215
1048525
1049644
45518596
45518645
45511014
45518130
45518066
45518302
1048008
45518720
45518501
45518126
45518543
913083
45511474
45516123
45518298
45518149
45518056
45516689
45517981
1037741
45518684
45516694
45516899
45518557
330510
790500
914565
1047368
45516917
913275
455452
45517768
795268
45518107
45517997
45518054
45518313
791407
791432
45518049
45516476
45518057
1047361
1048394
45518299
1048491
45518525
1050497
1048226
45518518
45518112
1048150
45510600
45511394
45509291
45509133
45515823
45511351
45509028
45511376
45511426
45511155
45509750
45515822
45518936
45515790
1049351
1047362
45515917
1019159
45510716
45509980
45511237
45510156
45517847
45509442
45510233
331133
45515828
45509333
45514264
330829
331125
45515825
45510002
45513558
45510117
45510728
46559284
326372
1178682
327335
327965
926082
129579
327580
1179573
2918296
2925218
128425
323831
331082
308540
1038792
323920
327406
310755
289588
327866
327185
313735
327446
328112
327452
328819
317232
129522
327550
328450
1038529
311498
327940
311175
127643
331065
328711
1038643
1178597
328274
328027
327262
129475
312852
11019646
323947
313027
326928
1179801
1179634
1179633
45518132
453497
453978
456548
459812
462202
784269
789767
790709
790727
790896
791262
791283
791367
791368
791497
791526
791732
791748
791812
791834
791856
792206
793075
793314
793365
793367
793466
793515
793572
793831
793889
793901
793902
793962
793963
794085
794354
794400
794642
794661
794680
794682
794692
794697
794785
794897
794899
794924
794987
794994
795002
795084
795117
795118
795255
795269
795303
795323
795427
795441
795461
795463
795496
795539
795552
795578
795587
795599
795822
795890
796012
796041
815710
815837
815840
815849
912560
913243
914060
915862
914105
914564
914583
914590
914627
914635
914780
915451
915470
915647
915995
916024
916310
916356
916374
916380
916500
916519
916528
916734
916855
916910
917125
917128
917146
917228
917316
917675
917777
917983
917987
918022
918126
918128
918335
918411
918420
918444
918916
919372
919894
920446
920467
921587
962867
963552
963554
963777
963840
964131
964171
964308
964463
975354
999163
1017959
1018138
1018142
1018159
1018650
1018734
1018737
1018740
1018889
1018890
1018891
1018892
1018895
1018896
1018925
1018939
1019093
1019120
1019130
1019147
1019169
1019175
1019210
1019221
1019235
1019242
1019251
1019253
1019276
1019296
1019432
1019446
1019452
1019665
1019680
1019689
1019692
1019782
1020119
1020121
1024466
1024940
1025186
1025205
1025223
1025321
1025329
1025372
1025408
1025441
1025535
1035605
1036375
1036379
1037754
1038092
1038132
1039032
1039033
1039107
1039122
1039184
1039431
1040860
1040885
1041049
1047051
1047318
1047369
1049788
1049789
1049790
1047562
1047564
1047567
1047569
1047583
1047585
1047797
1047913
1047920
1047936
1047960
1047966
1048152
1048181
1048194
1048271
1048280
1048370
1048371
1049160
1050068
1050146
1055279
1055668
1056333
1056795
1056817
1178259
1178265
1178286
1178425
1274658
23668790
45509555
45509669
45509678
45509730
45509736
45509780
45509922
45509971
45509995
45510006
45510036
45510149
45511235
45510273
45510646
45510668
45510731
45510759
45510886
45510936
45510996
45511087
45511124
45511142
45511148
45511149
45511206
45511212
45511227
45511233
45512300
45511435
45511441
45511523
45511586
45511621
45511626
45511716
45511875
45511907
45511947
45512029
45512155
45512185
45512385
45512504
45513189
45513282
45513312
45513366
45513416
45513560
45513565
45513566
45513603
45513608
45513712
45513714
45513731
45513785
45513796
45513798
45513802
45513859
45513882
45513904
45513955
45513971
45514007
45514011
45514051
45514070
45514100
45514103
45514106
45514153
45514157
45514209
45514214
45514259
45514277
45514285
45514290
45514312
45514318
45515355
45514365
45514400
45514463
45514493
45514549
45514632
45514634
45514637
45514653
45514669
45514694
45514706
45514753
45514755
45514788
45514790
45514793
45514816
45514844
45514855
45514869
45514876
45514885
45514919
45514933
45514935
45514940
45514941
45514967
45514968
45514973
45514988
45515062
45515074
45515082
45515096
45515098
45515103
45515158
45515173
45515186
45515187
45515203
45515206
45515220
45515241
45515245
45515246
45515251
45515254
45515264
45515271
45515312
45515313
45515330
45515380
45515384
45515503
45515509
45515513
45515515
45515516
45515519
45515521
45515524
45515526
45515563
45515565
45515566
45515568
45515583
45515607
45515610
45515619
45515631
45515664
45515720
45515732
45515735
45515739
45515749
45515751
45515763
45515764
45515774
45515780
45515795
45515796
45515800
45515820
45515832
45515834
45515844
45515845
45515846
45515849
45515855
45515861
45515873
45515876
45515883
45515886
45515902
45515918
45516017
45516138
45516181
45516250
45516261
45516408
45516470
45516527
45516538
45516571
45516597
45516783
45516858
45516860
45516869
45516878
45516981
45516989
45516994
45516995
45517009
45517010
45517021
45517113
45517151
45517237
45517259
45517274
45517280
45517291
45517329
45517357
45517390
45517446
45517475
45517482
45517505
45517515
45517523
45517535
45517546
45517556
45517568
45517569
45517579
45517591
45517604
45517607
45517609
45517633
45517638
45517649
45517656
45517657
45517683
45517684
45517698
45517771
45517886
45517915
45518186
45518303
45518327
45518475
45518479
45518546
45518776
45518821
45518822
45518898
45518921
45518922
45518925
45518926
45518934
45518941
45518960
45518972
45518973
45518976
45863599
46324024
46324026
46324028
46350289
46350290
46395266
46396206
46559526
46559528
47044157
47044590
47044684
47044898
47044931
47044978
47046707
47364851
51899481
51906542
49411901
49411781
52233575
51899701
51896540
52571451
52570209
52234481
51899662
52232826
52232777
55635213
52571173
58927346
52571190
49993780
60782263
60189671
60783392
311789
64703930