337391
334512
334690
336167
336204
336390
332429
332451
332452
332454
332576
332578
332599
332926
332928
332934
333379
333692
330744
330768
330793
330794
330826
330837
330868
330943
330948
330950
330963
331032
331056
331062
331124
331126
331171
331233
331281
331288
331352
331356
331361
331363
331381
331399
331434
331465
331487
331488
331527
331531
331632
331757
331865
331990
331210
331212
330250
330261
330263
330498
330499
330504
330511
330513
330590
327633
327665
327848
327989
328006
328385
323978
319978
319983
313517
313551
313597
313644
313912
313950
314795
311743
311747
311985
311998
289365
289374
289813
290164
289209
289310
289348
284042
284043
284050
313010
130072
130100
128453
128481
128483
126685
45511047
790462
1049719
45513862
794705
45518027
790832
794718
791987
23670694
1178014
1055551
45517977
45517984
317573
45509256
45518553
332703
45518323
45518623
45518102
795625
1178108
1050017
45518026
45518452
45509293
1024768
45518505
794708
45518003
45517359
45516349
455481
1055390
1048420
1056076
45516690
34022563
45518659
1048154
45518510
8829589
45512088
1048268
45518296
795712
462103
45518355
461523
333404
45513586
1056324
45518554
45518154
1056544
1178180
45509171
45510186
45510184
45510633
45509402
1019449
45509989
45510575
45510537
45511428
45508967
45510145
45510795
45509404
45512971
1045996
45512471
45512525
1178017
45509827
1049749
45509711
914783
1177545
45513332
45511432
45509651
45514088
45514049
45514076
45515394
45515396
45515209
45515212
45515502
45515569
45515071
45515770
45514804
45514422
45514522
45514483
45514477
45514692
45515076
45515588
45515038
45515037
45514937
45515666
45514953
45515629
45518920
45518919
45514094
45514317
45515388
45513852
1049064
45510705
45512381
1177471
45512569
45509264
1177715
45512554
45512076
45512573
45512578
1050498
1177736
1177720
1177719
1177586
45514145
45512508
45510766
45509451
45510118
45512086
45510358
332925
1065125
333308
1047370
45510247
45513697
1048466
1178370
1047971
45510213
1048533
333000
45509391
45513581
45511218
1052079
45509178
1038993
45510576
45513692
45511470
45510211
45510767
45511089
45511192
45513680
45510141
45511195
45515573
45515439
330758
1047358
45510350
45510581
45515262
791762
45510578
45510263
45513648
45509370
332574
791768
45515414
45511177
45515756
45515260
45510267
45510648
45513685
45513598
1018157
45513691
45518807
45510219
45513687
45515935
45513761
47046468
45510613
45515265
45513599
45515267
45515375
45513651
1019146
790177
45513587
791404
795321
45510220
45514911
457113
45515425
1055808
45515812
1048538
45515793
1047325
45514319
45515247
45511004
1055470
45513764
45510773
45511049
45513743
45515462
45515706
45515249
45513633
45513639
45514167
45514316
45513713
45518916
45513595
45510257
45513705
45515810
45515827
45509103
45513703
45513951
45517851
311570
1041048
328604
328602
328020
926021
310363
925988
328698
328029
311910
328611
328609
311514
328681
328608
312855
311511
1038688
326843
999177
326801
311541
311580
328035
328596
328594
328593
328597
328039
311513
328595
328067
328599
328598
328086
328092
328095
328100
328688
328025
328452
328501
323726
327368
1178684
328792
313045
308479
347431
327979
310277
327553
327552
327603
1037788
310270
310653
327375
312065
313018
327851
1038676
310964
328436
328439
1038780
1038781
308477
328063
128438
47048756
351020
311781
328236
128432
323829
327563
327632
311548
124497
327967
133023
328456
328457
46559458
327981
328453
327865
327373
985686
326230
118139
129473
327986
328793
328721
124135
133021
326520
327366
328454
323859
323821
1178988
328504
129605
328482
327438
45518390
45517868
794135
45518354
45517982
45518552
790175
1049801
331362
1039028
45518556
795266
793293
45516915
790890
794945
45517934
1039105
791375
795265
45517996
794536
455439
45518646
456659
790459
1018897
45516888
455323
45518649
45516908
1064964
45518527
45511257
45518507
45518168
1049943
1049181
1048462
45516621
45516735
1048531
45518069
45517979
45516154
45517015
45518526
1049992
45518457
45517766
45518272
45518368
1064908
45516055
45516843
45518267
45516058
45510803
45518315
45511259
45518024
45518658
45518183
45517016
1048969
1049798
45518068
45518449
45518483
45518215
1048525
1049644
45518596
45518645
45511014
45518130
45518066
45518302
1048008
45518720
45518185
45510799
45518501
45518167
1050482
45517988
45518126
45518473
45518022
45518484
45516145
1049948
45518543
913083
45511474
1048144
45515900
1055870
45517799
1048021
1049080
45518586
45516123
45518511
914566
45517819
45516077
1052543
45518270
963755
45518375
45518169
45518298
45518199
45518472
45518149
1178209
45516372
45518059
45518056
45516689
1048527
1025392
45518420
45518123
1049291
45517981
1037741
45518684
45518474
790988
45518187
795063
45516694
45515915
45516899
795065
45518557
330510
790500
914565
1047368
45516917
913275
455452
45517768
795268
45518107
45517997
45518054
45518313
791407
791432
45518049
45516476
45518057
1047361
1048394
45518299
1048491
45518525
1050497
1048226
45518518
45518112
1048150
45510600
45511394
45509291
45509133
45515823
45511351
45509028
45511376
45511426
45511155
45509750
45515822
45518936
45515790
1049351
1047362
45515917
1019159
45510716
45509980
45511237
45510156
45517847
45509442
45510233
331133
45515828
45509333
45514264
330829
331125
45515825
45510002
45513558
45510117
45510728
46559284
326372
1178682
327335
327965
926082
129579
327580
1179573
2918296
2925218
128425
323831
331082
308540
1038792
323920
327406
310755
289588
327866
327185
313735
327446
328112
327452
328819
317232
129522
327550
328450
1038529
127390
311380
331084
328775
327936
326383
310390
328707
1178990
328525
309016
326517
311498
1178624
323825
1038779
323904
1018234
327940
311175
328717
127643
323866
323957
331065
323900
1038790
328711
1038643
323918
311663
1178950
328051
1178597
328274
328496
328027
328049
1178936
1178636
327262
129475
312852
313884
326522
1038789
328500
328467
327942
327571
327706
4466257
323715
1179196
311623
311624
7250139
323910
7218149
11019646
2925214
32137235
323947
313027
326928
1041132
1179217
1178729
1179801
1179634
1178939
1179633
1179512
311901
133022
4453761
4438808
1179942
328455
4460803
45518332
45518727
1275821
45518132
452950
453385
453497
453978
453993
454000
454036
454047
454056
454867
454889
454999
455585
456548
456626
458104
458565
458712
458949
459023
459192
459266
459300
459422
459423
459812
460061
460646
461027
461097
461241
461265
462202
462212
462399
784269
790556
789767
789918
789919
790152
790158
790357
790394
790408
790469
790471
790512
790571
790628
790706
790709
790712
790717
790721
790727
790731
790747
790774
790791
790799
790829
790896
790918
790921
790922
791038
791058
791072
791081
791088
791137
791140
791181
791234
791235
791262
791283
791367
791368
791370
791406
791445
791497
791526
791580
791732
791748
791812
791834
791856
792206
793075
793314
793365
793367
793463
793466
793515
793572
793831
793889
793901
793902
793962
793963
794085
794354
794400
794642
794661
794680
794682
794692
794697
794785
794897
794899
794924
794987
794994
795002
795084
795117
795118
795255
795269
795303
795323
795427
795441
795461
795463
795496
795539
795552
795578
795587
795599
795822
795890
796012
796041
815710
815837
815840
815849
912560
913243
914060
915862
914105
914564
914583
914590
914627
914635
914780
915451
915470
915647
915995
916024
916310
916356
916374
916380
916500
916519
916528
916734
916855
916910
917125
917128
917146
917228
917316
917675
917777
917983
917987
918022
918126
918128
918335
918411
918420
918444
918916
919372
919894
920446
920467
921029
921048
921587
921667
921675
921798
922324
961910
962034
962058
962608
962867
962983
963552
963554
963633
963777
963840
964131
964171
964308
964463
975354
999163
1017959
1018138
1018142
1018159
1018650
1018734
1018737
1018740
1018889
1018890
1018891
1018892
1018895
1018896
1018925
1018939
1019093
1019120
1019130
1019147
1019169
1019175
1019210
1019221
1019235
1019242
1019251
1019253
1019276
1019296
1019432
1019446
1019452
1019665
1019680
1019689
1019692
1019782
1020119
1020121
1024466
1024940
1025186
1025205
1025223
1025321
1025329
1025372
1025408
1025441
1025535
1035605
1036375
1036379
1037754
1038092
1038132
1039032
1039033
1039107
1039122
1039184
1039431
1040860
1040885
1041049
1047051
1047318
1047369
1049788
1049789
1049790
1047562
1047564
1047567
1047569
1047583
1047585
1047797
1047913
1047920
1047936
1047960
1047966
1047974
1047985
1048003
1048004
1048151
1048152
1048181
1048193
1048194
1048271
1048280
1048370
1048371
1048381
1048390
1048406
1048407
1048422
1048440
1048445
1048448
1048453
1048475
1048528
1048557
1048635
1048939
1049061
1049065
1049070
1049073
1049076
1049150
1049151
1049158
1049160
1049233
1049407
1049539
1049588
1049594
1049730
1049807
1049956
1049973
1050031
1050062
1050065
1050068
1050138
1050146
1050158
1050248
1050266
1050319
1050913
1051003
1051124
1051701
1051722
1051842
1051844
1052077
1052081
1052094
1052107
1052881
1052933
1052976
1055080
1055085
1055106
1055134
1055202
1055205
1055210
1055252
1055279
1055364
1055369
1055403
1055425
1055466
1055503
1055566
1055604
1055636
1055658
1055668
1055697
1055699
1055715
1055797
1055807
1055859
1055864
1055872
1055919
1056040
1056155
1056226
1056243
1056290
1056333
1056367
1056379
1056423
1056708
1056753
1056755
1056759
1056767
1056795
1056814
1056817
1056858
1056865
1056894
1056896
1056939
1056966
1056967
1057029
1057055
1057056
1057058
1057116
1057135
1057149
1057155
1057175
1057245
1057250
1057251
1057273
1064873
1064875
1064876
1064884
1064932
1177493
1177514
1177546
1177567
1177568
1177585
1177594
1177624
1177714
1177936
1178021
1178042
1178253
1178259
1178265
1178277
1178282
1178286
1178322
1178425
1178434
1178436
1178444
1226565
1250086
1250306
1265758
1267840
1274658
1280648
1286200
1298597
2447291
2817066
2817592
2819343
2920481
4350989
4354294
4387560
4439348
4453294
4453320
4454250
4492167
4495767
7238967
8827987
10994044
12112853
12133469
23668790
23815259
28354621
36640041
38726960
40082953
42539830
42540388
45508944
45508947
45508948
45508984
45508986
45509035
45509054
45509091
45509129
45509197
45509218
45509350
45509357
45509380
45509510
45509520
45509555
45509571
45509610
45509614
45509635
45509648
45509659
45509662
45509668
45509669
45509678
45509682
45509683
45509690
45509699
45509725
45509730
45509736
45509780
45509788
45509801
45509806
45509822
45509847
45509850
45509922
45509933
45509939
45509940
45509966
45509968
45509969
45509971
45509995
45510006
45510023
45510036
45510071
45510083
45510100
45510104
45510109
45510128
45510139
45510142
45510149
45510159
45510163
45511235
45510200
45510223
45510231
45510273
45510309
45510335
45510372
45510413
45510452
45510458
45510476
45510506
45510514
45510646
45510652
45510665
45510668
45510700
45510707
45510724
45510731
45510743
45510759
45510778
45510821
45510832
45510863
45510886
45510904
45510929
45510936
45510938
45510950
45510966
45510967
45510996
45511018
45511057
45511077
45511080
45511087
45511115
45511124
45511135
45511142
45511146
45511148
45511149
45511150
45511166
45511187
45511206
45511209
45511212
45511214
45511221
45511226
45511227
45511233
45512290
45512300
45511239
45511240
45511265
45511299
45511420
45511435
45511437
45511439
45511441
45511455
45511477
45511488
45511523
45511527
45511541
45511543
45511561
45511586
45511599
45511619
45511621
45511622
45511623
45511626
45511659
45511669
45511699
45511700
45511716
45511764
45511772
45511814
45511840
45511857
45511865
45511875
45511907
45511908
45511927
45511932
45511947
45511958
45511985
45511991
45511998
45512017
45512029
45512033
45512042
45512141
45512142
45512155
45512171
45512177
45512185
45512186
45512199
45512231
45512256
45512259
45512271
45512280
45512350
45512361
45512377
45512385
45512392
45512416
45512474
45512497
45512504
45512511
45512513
45512516
45512582
45512592
45512603
45512643
45512728
45512895
45512897
45512955
45512985
45513033
45513117
45513136
45513137
45513189
45513203
45513210
45513211
45513217
45513240
45513259
45513262
45513282
45513312
45513328
45513331
45513345
45513346
45513366
45513377
45513380
45513409
45513411
45513416
45513444
45513471
45513480
45513487
45513525
45513537
45513556
45513560
45513565
45513566
45513603
45513608
45513617
45513620
45513623
45513668
45513674
45513690
45513712
45513714
45513731
45513758
45513785
45513796
45513797
45513798
45513799
45513800
45513802
45513811
45513859
45513865
45513882
45513904
45513931
45513955
45513961
45513971
45513976
45513981
45513989
45514007
45514011
45514030
45514046
45514051
45514070
45514072
45514073
45514078
45514083
45514100
45514103
45514104
45514106
45514109
45514118
45514146
45514153
45514157
45514200
45514209
45514214
45514230
45514259
45514260
45514277
45514285
45514290
45514312
45514318
45515355
45514365
45514400
45514463
45514493
45514549
45514632
45514634
45514637
45514653
45514669
45514694
45514706
45514753
45514755
45514788
45514790
45514793
45514816
45514844
45514855
45514869
45514876
45514885
45514919
45514933
45514935
45514940
45514941
45514967
45514968
45514973
45514988
45515062
45515074
45515082
45515096
45515098
45515103
45515158
45515173
45515186
45515187
45515203
45515206
45515220
45515241
45515245
45515246
45515251
45515254
45515264
45515271
45515312
45515313
45515330
45515380
45515384
45515503
45515509
45515513
45515515
45515516
45515519
45515521
45515524
45515526
45515563
45515565
45515566
45515568
45515583
45515607
45515610
45515619
45515631
45515664
45515720
45515732
45515735
45515739
45515749
45515751
45515763
45515764
45515774
45515780
45515795
45515796
45515800
45515820
45515832
45515834
45515844
45515845
45515846
45515849
45515855
45515861
45515873
45515876
45515883
45515886
45515902
45515918
45515928
45515951
45516017
45516138
45516175
45516179
45516181
45516250
45516261
45516266
45516323
45516408
45516423
45516429
45516468
45516470
45516488
45516504
45516509
45516527
45516538
45516571
45516574
45516579
45516597
45516783
45516787
45516858
45516860
45516869
45516878
45516981
45516989
45516994
45516995
45517009
45517010
45517021
45517113
45517151
45517237
45517259
45517274
45517280
45517291
45517329
45517357
45517390
45517446
45517475
45517482
45517505
45517515
45517523
45517535
45517546
45517556
45517568
45517569
45517579
45517591
45517604
45517607
45517609
45517633
45517638
45517649
45517656
45517657
45517683
45517684
45517698
45517771
45517886
45517915
45518186
45518303
45518327
45518475
45518479
45518546
45518776
45518821
45518822
45518898
45518921
45518922
45518925
45518926
45518934
45518941
45518960
45518972
45518973
45518976
45863599
46324024
46324026
46324028
46350289
46350290
46395266
46396206
46559526
46559528
47044157
47044590
47044684
47044898
47044931
47044978
47046118
47046706
47046707
47046933
47047069
47047071
47047074
47047702
47048070
47048072
47048076
47048113
47048121
47054506
47056086
47056320
47056416
47056438
47364851
48886008
47364786
47364746
47364811
47364870
47364709
51899481
52232835
52571567
51898842
51906542
49411901
49411781
59048454
49994091
49994095
52233575
49993941
51899701
51899937
51896536
51896540
52569900
49108155
52569818
51899646
52571451
51507716
51899099
52571558
52570209
52569840
49108154
52234481
52569810
52569794
51897251
52570224
51899662
51899109
49994134
49994139
49802286
52232826
52232777
52232778
52232780
52232779
52571343
55635213
52571173
55638142
58927346
52571190
49993780
311546
60973381
47046718
60782263
60973259
60189671
60783392
311789
64703930
