347435
337448
334471
336165
332453
332929
333194
333298
333376
333441
330798
331009
331016
331264
331285
331400
329299
329300
329325
327988
328412
313543
289379
289670
288942
130700
331018
45518515
795541
790762
45518064
45511271
45518441
45511015
45518279
45509255
45511364
36578866
45509003
1056724
313208
1039124
45518545
45511159
45509998
45511438
45510632
45510625
45509726
45512418
45512341
45510440
45510121
45512240
45511751
45510959
45511464
45514523
45514503
45515578
45515054
45515178
45515315
918913
1177728
45512566
45512089
1048482
45510355
333311
914434
1048517
45510265
332998
45515430
45513675
45510276
45515932
45510341
45513684
45515575
45513622
453239
45510218
45515181
45515802
914154
45518782
45515359
45515853
45513612
45513728
791828
45513645
45514820
45515463
45515531
45513704
328684
327994
127969
328037
328036
328685
311569
328009
1053892
1038644
328523
327374
326378
328334
327830
328652
323858
327294
115784
328468
328465
323672
311526
327968
331081
327252
327875
328503
310662
326578
45516702
45518325
790461
790994
45518253
1037651
1049949
45518478
1049687
45518380
45518437
45515921
45518594
45518176
45516830
45518326
45518589
45518114
45517716
45518572
45518465
45518166
45518763
45517808
45518170
45518381
45518206
45518135
915251
1018898
45518109
45517832
45518396
45518131
45516502
795256
45513833
1055813
1056060
963761
1048541
45518319
1055558
913095
45518127
795262
45516163
45509295
45509159
331137
1039204
45513628
45510745
45510621
45510723
45511164
45510788
45510215
45510789
129521
328724
323950
777872
328651
970831
311178
327842
1178681
327666
327564
328332
327376
327954
311657
331075
324410
323886
308478
127507
327367
327431
344589
323827
1179370
311621
129546
321423
327583
47049742
328555
45293656
323956
289557
355415
1179597
454890
457783
458673
458709
461491
789879
790746
791084
791188
791402
792545
792665
793377
793919
794028
794585
794628
794629
794676
794874
794916
794923
795132
795391
795473
795591
795595
795659
796029
815814
815907
815938
912805
913086
913159
914102
914639
915013
915214
915456
916590
916697
917085
919962
919968
920462
922670
962419
962581
964195
963127
1018152
1018724
1018728
1018733
1018894
1018911
1018968
1019113
1019222
1019232
1019241
1020118
1024245
1025184
1025209
1025412
1037755
1038857
1039106
1039145
1039166
1039169
1047310
1047312
1047919
1048030
1048189
1048204
1048414
1048925
1049416
1050334
1050369
1051691
1052001
1052070
1052071
1052093
1052884
1052901
1052957
1053035
1055991
1055103
1055277
1055375
1055641
1055691
1055912
1056034
1056404
1056874
1056875
1056950
1177584
1177751
1178006
4357897
4384697
4438705
4505346
10408811
12116629
12120831
21636539
40333679
42375379
42539865
45508936
45508937
45509319
45509335
45509384
45509408
45509660
45509698
45509732
45509870
45509872
45510093
45510160
45510169
45510196
45510232
45510274
45510333
45510354
45510390
45510459
45510835
45510888
45510894
45510931
45510944
45510968
45511179
45511210
45511216
45511228
45512292
45511378
45511434
45511548
45511693
45511708
45511720
45511817
45511873
45511898
45511905
45511933
45512027
45512078
45512143
45512210
45512269
45512376
45512584
45513091
45513129
45513164
45513243
45513287
45513301
45513334
45513422
45513481
45513720
45513737
45513760
45513773
45513849
45513933
45513980
45514005
45514071
45514160
45514197
45514198
45514265
45514271
45514519
45514576
45514647
45514751
45514760
45514778
45514798
45514809
45514918
45514920
45514938
45514956
45515053
45515072
45515101
45515104
45515128
45515149
45515204
45515255
45515319
45515382
45515395
45515397
45515417
45515518
45515669
45515733
45515741
45515797
45515806
45515816
45515856
45515944
45516016
45516182
45516512
45516609
45516856
45516872
45517286
45517412
45517421
45517450
45517519
45517524
45517590
45517658
45518116
45518320
45518421
45518816
45518917
45518942
46324029
46324031
46395720
47045657
47046733
47048109
47363684
47364809
52571565
52233471
52233844
51507616
49993742
52571564
52232836
52570273
52571401
52571173
55638142
58927346
52571190
49993780
311546
60973381
47046718
60782263
60973259
60189671
60783392
311789
64703930
